Unknown 041206
1 90027U 04841A   06181.11265127 0.00000000  00000-0  00000+0 0    08
2 90027  62.6068 145.5254 6992780 268.7545  17.6907  2.00624059    00

0110,90027,20060701040332,01,FM,0256375000,0256373203,5
0110,90027,20060701040754,01,FM,0256375000,0256373244,5
0110,90027,20060701041155,01,FM,0256375000,0256373282,5
0110,90027,20060701041617,01,FM,0256375000,0256373324,5
0110,90027,20060701042028,01,FM,0256375000,0256373365,5
0110,90027,20060701042429,01,FM,0256375000,0256373403,5
0110,90027,20060701042821,01,FM,0256375000,0256373440,5
0110,90027,20060701043232,01,FM,0256375000,0256373481,5
0110,90027,20060701043654,01,FM,0256375000,0256373522,5
0110,90027,20060701044105,01,FM,0256375000,0256373562,5
0110,90027,20060701044456,01,FM,0256375000,0256373598,5
0110,90027,20060701044908,01,FM,0256375000,0256373637,5
0110,90027,20060701045309,01,FM,0256375000,0256373674,5
0110,90027,20060701045731,01,FM,0256375000,0256373714,5
0110,90027,20060701050132,01,FM,0256375000,0256373750,5
0110,90027,20060701050554,01,FM,0256375000,0256373790,5
0110,90027,20060701051015,01,FM,0256375000,0256373829,5
0110,90027,20060701051437,01,FM,0256375000,0256373867,5
0110,90027,20060701051919,01,FM,0256375000,0256373908,5
0110,90027,20060701052341,01,FM,0256375000,0256373946,5
0110,90027,20060701052752,01,FM,0256375000,0256373982,5
0110,90027,20060701053214,01,FM,0256375000,0256374019,5
0110,90027,20060701053635,01,FM,0256375000,0256374056,5
0110,90027,20060701054057,01,FM,0256375000,0256374092,5
0110,90027,20060701054539,01,FM,0256375000,0256374131,5
0110,90027,20060701055021,01,FM,0256375000,0256374170,5
0110,90027,20060701055432,01,FM,0256375000,0256374204,5
0110,90027,20060701055904,01,FM,0256375000,0256374241,5
0110,90027,20060701060346,01,FM,0256375000,0256374278,5
0110,90027,20060701060828,01,FM,0256375000,0256374316,5
0110,90027,20060701061239,01,FM,0256375000,0256374349,5
0110,90027,20060701062925,01,FM,0256375000,0256374479,5
0110,90027,20060701063347,01,FM,0256375000,0256374512,5
0110,90027,20060701063808,01,FM,0256375000,0256374545,5
0110,90027,20060701064220,01,FM,0256375000,0256374576,5
0110,90027,20060701064641,01,FM,0256375000,0256374609,5
0110,90027,20060701065113,01,FM,0256375000,0256374643,5
0110,90027,20060701065525,01,FM,0256375000,0256374674,5
0110,90027,20060701065926,01,FM,0256375000,0256374704,5
0110,90027,20060701070438,01,FM,0256375000,0256374742,5
0110,90027,20060701070920,01,FM,0256375000,0256374776,5
0110,90027,20060701071332,01,FM,0256375000,0256374807,5
0110,90027,20060701071743,01,FM,0256375000,0256374837,5
0110,90027,20060701072205,01,FM,0256375000,0256374869,5
0110,90027,20060701072616,01,FM,0256375000,0256374899,5
0110,90027,20060701073048,01,FM,0256375000,0256374931,5
0110,90027,20060701073530,01,FM,0256375000,0256374965,5
0110,90027,20060701073951,01,FM,0256375000,0256374996,5
0110,90027,20060701074413,01,FM,0256375000,0256375027,5
0110,90027,20060701074825,01,FM,0256375000,0256375057,5
0110,90027,20060701075226,01,FM,0256375000,0256375085,5
0110,90027,20060701075637,01,FM,0256375000,0256375115,5
0110,90027,20060701080059,01,FM,0256375000,0256375146,5
0110,90027,20060701080521,01,FM,0256375000,0256375177,5
0110,90027,20060701080933,01,FM,0256375000,0256375207,5
0110,90027,20060701081344,01,FM,0256375000,0256375236,5
0110,90027,20060701081806,01,FM,0256375000,0256375267,5
0110,90027,20060701082207,01,FM,0256375000,0256375296,5
0110,90027,20060701082558,01,FM,0256375000,0256375323,5
0110,90027,20060701083030,01,FM,0256375000,0256375355,5
0110,90027,20060701083441,01,FM,0256375000,0256375384,5
0110,90027,20060701083853,01,FM,0256375000,0256375414,5
0110,90027,20060701084335,01,FM,0256375000,0256375448,5
0110,90027,20060701084917,01,FM,0256375000,0256375488,5
0110,90027,20060701085329,01,FM,0256375000,0256375518,5
0110,90027,20060701085740,01,FM,0256375000,0256375548,5
0110,90027,20060701090202,01,FM,0256375000,0256375579,5
0110,90027,20060701090634,01,FM,0256375000,0256375612,5
0110,90027,20060701091055,01,FM,0256375000,0256375644,5
0110,90027,20060701091527,01,FM,0256375000,0256375676,5
0110,90027,20060701092019,01,FM,0256375000,0256375712,5
0110,90027,20060701092431,01,FM,0256375000,0256375743,5
0110,90027,20060701092852,01,FM,0256375000,0256375775,5
0110,90027,20060701093324,01,FM,0256375000,0256375808,5
0110,90027,20060701093726,01,FM,0256375000,0256375838,5
0110,90027,20060701094127,01,FM,0256375000,0256375868,5
0110,90027,20060701094559,01,FM,0256375000,0256375902,5
0110,90027,20060701095030,01,FM,0256375000,0256375937,5
0110,90027,20060701095442,01,FM,0256375000,0256375969,5
0110,90027,20060701095853,01,FM,0256375000,0256376001,5
0110,90027,20060701100325,01,FM,0256375000,0256376036,5
0110,90027,20060701100757,01,FM,0256375000,0256376071,5
0110,90027,20060701101219,01,FM,0256375000,0256376106,5
0110,90027,20060701101640,01,FM,0256375000,0256376140,5
0110,90027,20060701102112,01,FM,0256375000,0256376177,5
0110,90027,20060701102534,01,FM,0256375000,0256376212,5
0110,90027,20060701102945,01,FM,0256375000,0256376246,5
0110,90027,20060701103357,01,FM,0256375000,0256376281,5
0110,90027,20060701103818,01,FM,0256375000,0256376317,5
0110,90027,20060701104230,01,FM,0256375000,0256376353,5
0110,90027,20060701104712,01,FM,0256375000,0256376393,5
0110,90027,20060701105143,01,FM,0256375000,0256376432,5
0110,90027,20060701105605,01,FM,0256375000,0256376470,5
0110,90027,20060701110047,01,FM,0256375000,0256376512,5
0110,90027,20060701110529,01,FM,0256375000,0256376554,5
0110,90027,20060701110950,01,FM,0256375000,0256376594,5
0110,90027,20060701111412,01,FM,0256375000,0256376635,5
0110,90027,20060701111844,01,FM,0256375000,0256376677,5
0110,90027,20060701112305,01,FM,0256375000,0256376719,5
0110,90027,20060701112717,01,FM,0256375000,0256376759,5
0110,90027,20060701113148,01,FM,0256375000,0256376804,5
0110,90027,20060701113610,01,FM,0256375000,0256376847,5
0110,90027,20060701114022,01,FM,0256375000,0256376890,5
0110,90027,20060701114423,01,FM,0256375000,0256376931,5
0110,90027,20060701114845,01,FM,0256375000,0256376977,5
0110,90027,20060701115256,01,FM,0256375000,0256377021,5
0110,90027,20060701115708,01,FM,0256375000,0256377066,5
0110,90027,20060701120119,01,FM,0256375000,0256377111,5
0110,90027,20060701164350,01,FM,0256375000,0256373750,5
0110,90027,20060701164802,01,FM,0256375000,0256373785,5
0110,90027,20060701165203,01,FM,0256375000,0256373819,5
0110,90027,20060701165554,01,FM,0256375000,0256373851,5
0110,90027,20060701165945,01,FM,0256375000,0256373882,5
0110,90027,20060701170347,01,FM,0256375000,0256373914,5
0110,90027,20060701170738,01,FM,0256375000,0256373945,5
0110,90027,20060701171129,01,FM,0256375000,0256373976,5
0110,90027,20060701171541,01,FM,0256375000,0256374008,5
0110,90027,20060701171942,01,FM,0256375000,0256374040,5
0110,90027,20060701172333,01,FM,0256375000,0256374069,5
0110,90027,20060701172725,01,FM,0256375000,0256374098,5
0110,90027,20060701173116,01,FM,0256375000,0256374127,5
0110,90027,20060701173507,01,FM,0256375000,0256374156,5
0110,90027,20060701173908,01,FM,0256375000,0256374186,5
0110,90027,20060701174300,01,FM,0256375000,0256374214,5
0110,90027,20060701174711,01,FM,0256375000,0256374245,5
0110,90027,20060701175112,01,FM,0256375000,0256374274,5
0110,90027,20060701175504,01,FM,0256375000,0256374301,5
0110,90027,20060701175855,01,FM,0256375000,0256374329,5
0110,90027,20060701180256,01,FM,0256375000,0256374357,5
0110,90027,20060701180658,01,FM,0256375000,0256374385,5
0110,90027,20060701181059,01,FM,0256375000,0256374414,5
0110,90027,20060701181511,01,FM,0256375000,0256374443,5
0110,90027,20060701181912,01,FM,0256375000,0256374470,5
0110,90027,20060701182303,01,FM,0256375000,0256374497,5
0110,90027,20060701182654,01,FM,0256375000,0256374523,5
0110,90027,20060701183106,01,FM,0256375000,0256374551,5
0110,90027,20060701183517,01,FM,0256375000,0256374580,5
0110,90027,20060701183919,01,FM,0256375000,0256374607,5
0110,90027,20060701184310,01,FM,0256375000,0256374633,5
0110,90027,20060701184721,01,FM,0256375000,0256374661,5
0110,90027,20060701185123,01,FM,0256375000,0256374694,5
0110,90027,20060701185514,01,FM,0256375000,0256374713,5
0110,90027,20060701185905,01,FM,0256375000,0256374739,5
0110,90027,20060701190317,01,FM,0256375000,0256374766,5
0110,90027,20060701190658,01,FM,0256375000,0256374790,5
0110,90027,20060701191049,01,FM,0256375000,0256374816,5
0110,90027,20060701191501,01,FM,0256375000,0256374843,5
0110,90027,20060701191902,01,FM,0256375000,0256374869,5
0110,90027,20060701192253,01,FM,0256375000,0256374895,5
0110,90027,20060701192644,01,FM,0256375000,0256374920,5
0110,90027,20060701193046,01,FM,0256375000,0256374946,5
0110,90027,20060701193447,01,FM,0256375000,0256374972,5
0110,90027,20060701193859,01,FM,0256375000,0256374999,5
0110,90027,20060701194250,01,FM,0256375000,0256375024,5
0110,90027,20060701194701,01,FM,0256375000,0256375052,5
0110,90027,20060701195113,01,FM,0256375000,0256375079,5
0110,90027,20060701195504,01,FM,0256375000,0256375104,5
0110,90027,20060701195855,01,FM,0256375000,0256375129,5
0110,90027,20060701200257,01,FM,0256375000,0256375155,5
0110,90027,20060701200658,01,FM,0256375000,0256375182,5
0110,90027,20060701201049,01,FM,0256375000,0256375207,5
0110,90027,20060701201440,01,FM,0256375000,0256375232,5
0110,90027,20060701201842,01,FM,0256375000,0256375258,5
0110,90027,20060701202233,01,FM,0256375000,0256375284,5
0110,90027,20060701202624,01,FM,0256375000,0256375309,5
0110,90027,20060701203026,01,FM,0256375000,0256375336,5
0110,90027,20060701203427,01,FM,0256375000,0256375362,5
0110,90027,20060701203828,01,FM,0256375000,0256375389,5
0110,90027,20060701204220,01,FM,0256375000,0256375414,5
0110,90027,20060701204621,01,FM,0256375000,0256375441,5
0110,90027,20060701205022,01,FM,0256375000,0256375468,5
0110,90027,20060701205414,01,FM,0256375000,0256375494,5
0110,90027,20060701205805,01,FM,0256375000,0256375520,5
0110,90027,20060701210206,01,FM,0256375000,0256375547,5
0110,90027,20060701210608,01,FM,0256375000,0256375575,5
0110,90027,20060701210959,01,FM,0256375000,0256375601,5
0110,90027,20060701211350,01,FM,0256375000,0256375627,5
0110,90027,20060701211751,01,FM,0256375000,0256375655,5
0110,90027,20060701212153,01,FM,0256375000,0256375683,5
0110,90027,20060701212544,01,FM,0256375000,0256375710,5
0110,90027,20060701212935,01,FM,0256375000,0256375737,5
0110,90027,20060701213316,01,FM,0256375000,0256375763,5
0110,90027,20060701213718,01,FM,0256375000,0256375791,5
0110,90027,20060701214059,01,FM,0256375000,0256375818,5
0110,90027,20060701214510,01,FM,0256375000,0256375848,5
0110,90027,20060701214922,01,FM,0256375000,0256375878,5
0110,90027,20060701215313,01,FM,0256375000,0256375906,5
0110,90027,20060701215704,01,FM,0256375000,0256375934,5
0110,90027,20060701220055,01,FM,0256375000,0256375962,5
0110,90027,20060701220447,01,FM,0256375000,0256375991,5
0110,90027,20060701220828,01,FM,0256375000,0256376018,5
0110,90027,20060701221219,01,FM,0256375000,0256376047,5
0110,90027,20060701221620,01,FM,0256375000,0256376078,5
0110,90027,20060701222002,01,FM,0256375000,0256376106,5
0110,90027,20060701222343,01,FM,0256375000,0256376134,5
0110,90027,20060701222734,01,FM,0256375000,0256376164,5
0110,90027,20060701223145,01,FM,0256375000,0256376196,5
0110,90027,20060701223547,01,FM,0256375000,0256376228,5
0110,90027,20060701223928,01,FM,0256375000,0256376257,5
0110,90027,20060701224319,01,FM,0256375000,0256376288,5
0110,90027,20060701224720,01,FM,0256375000,0256376320,5
0110,90027,20060701225142,01,FM,0256375000,0256376355,5
0110,90027,20060701225554,01,FM,0256375000,0256376390,5
0110,90027,20060701230005,01,FM,0256375000,0256376424,5
0110,90027,20060701230406,01,FM,0256375000,0256376457,5
0110,90027,20060701230808,01,FM,0256375000,0256376491,5
0110,90027,20060702040050,01,FM,0256375000,0256373220,5
0110,90027,20060702040501,01,FM,0256375000,0256373260,5
0110,90027,20060702040902,01,FM,0256375000,0256373298,5
0110,90027,20060702041304,01,FM,0256375000,0256373337,5
0110,90027,20060702041715,01,FM,0256375000,0256373377,5
0110,90027,20060702042127,01,FM,0256375000,0256373418,5
0110,90027,20060702042518,01,FM,0256375000,0256373455,5
0110,90027,20060702042929,01,FM,0256375000,0256373495,5
0110,90027,20060702043351,01,FM,0256375000,0256373536,5
0110,90027,20060702043813,01,FM,0256375000,0256373577,5
0110,90027,20060702044214,01,FM,0256375000,0256373615,5
0110,90027,20060702044636,01,FM,0256375000,0256373655,5
0110,90027,20060702045057,01,FM,0256375000,0256373695,5
0110,90027,20060702045459,01,FM,0256375000,0256373732,5
0110,90027,20060702045920,01,FM,0256375000,0256373771,5
0110,90027,20060702050352,01,FM,0256375000,0256373812,5
0110,90027,20060702050814,01,FM,0256375000,0256373851,5
0110,90027,20060702051215,01,FM,0256375000,0256373886,5
0110,90027,20060702051637,01,FM,0256375000,0256373924,5
0110,90027,20060702052048,01,FM,0256375000,0256373960,5
0110,90027,20060702052449,01,FM,0256375000,0256373995,5
0110,90027,20060702052911,01,FM,0256375000,0256374032,5
0110,90027,20060702053353,01,FM,0256375000,0256374071,5
0110,90027,20060702053815,01,FM,0256375000,0256374108,5
0110,90027,20060702054206,01,FM,0256375000,0256374139,5
0110,90027,20060702054638,01,FM,0256375000,0256374177,5
0110,90027,20060702055059,01,FM,0256375000,0256374212,5
0110,90027,20060702055501,01,FM,0256375000,0256374244,5
0110,90027,20060702055922,01,FM,0256375000,0256374279,5
0110,90027,20060702060404,01,FM,0256375000,0256374317,5
0110,90027,20060702060836,01,FM,0256375000,0256374352,5
0110,90027,20060702062552,01,FM,0256375000,0256374486,5
0110,90027,20060702063024,01,FM,0256375000,0256374521,5
0110,90027,20060702063456,01,FM,0256375000,0256374555,5
0110,90027,20060702063927,01,FM,0256375000,0256374589,5
0110,90027,20060702064349,01,FM,0256375000,0256374621,5
0110,90027,20060702064821,01,FM,0256375000,0256374655,5
0110,90027,20060702065252,01,FM,0256375000,0256374689,5
0110,90027,20060702065714,01,FM,0256375000,0256374721,5
0110,90027,20060702070146,01,FM,0256375000,0256374754,5
0110,90027,20060702070618,01,FM,0256375000,0256374787,5
0110,90027,20060702071039,01,FM,0256375000,0256374819,5
0110,90027,20060702071501,01,FM,0256375000,0256374850,5
0110,90027,20060702071953,01,FM,0256375000,0256374885,5
0110,90027,20060702072414,01,FM,0256375000,0256374917,5
0110,90027,20060702072836,01,FM,0256375000,0256374948,5
0110,90027,20060702073308,01,FM,0256375000,0256374980,5
0110,90027,20060702073729,01,FM,0256375000,0256375012,5
0110,90027,20060702074131,01,FM,0256375000,0256375040,5
0110,90027,20060702074602,01,FM,0256375000,0256375072,5
0110,90027,20060702075044,01,FM,0256375000,0256375106,5
0110,90027,20060702075506,01,FM,0256375000,0256375137,5
0110,90027,20060702075938,01,FM,0256375000,0256375169,5
0110,90027,20060702080430,01,FM,0256375000,0256375203,5
0110,90027,20060702080901,01,FM,0256375000,0256375235,5
0110,90027,20060702081323,01,FM,0256375000,0256375266,5
0110,90027,20060702081815,01,FM,0256375000,0256375300,5
0110,90027,20060702082247,01,FM,0256375000,0256375332,5
0110,90027,20060702082708,01,FM,0256375000,0256375363,5
0110,90027,20060702083140,01,FM,0256375000,0256375395,5
0110,90027,20060702083612,01,FM,0256375000,0256375427,5
0110,90027,20060702084034,01,FM,0256375000,0256375459,5
0110,90027,20060702084515,01,FM,0256375000,0256375492,5
0110,90027,20060702084947,01,FM,0256375000,0256375524,5
0110,90027,20060702085409,01,FM,0256375000,0256375556,5
0110,90027,20060702085830,01,FM,0256375000,0256375587,5
0110,90027,20060702090302,01,FM,0256375000,0256375619,5
0110,90027,20060702090734,01,FM,0256375000,0256375652,5
0110,90027,20060702091156,01,FM,0256375000,0256375684,5
0110,90027,20060702091617,01,FM,0256375000,0256375716,5
0110,90027,20060702092059,01,FM,0256375000,0256375750,5
0110,90027,20060702092521,01,FM,0256375000,0256375782,5
0110,90027,20060702092952,01,FM,0256375000,0256375816,5
0110,90027,20060702093424,01,FM,0256375000,0256375850,5
0110,90027,20060702093846,01,FM,0256375000,0256375882,5
0110,90027,20060702094307,01,FM,0256375000,0256375915,5
0110,90027,20060702094749,01,FM,0256375000,0256375951,5
0110,90027,20060702095221,01,FM,0256375000,0256375986,5
0110,90027,20060702095643,01,FM,0256375000,0256376019,5
0110,90027,20060702100125,01,FM,0256375000,0256376056,5
0110,90027,20060702100617,01,FM,0256375000,0256376094,5
0110,90027,20060702101038,01,FM,0256375000,0256376128,5
0110,90027,20060702101510,01,FM,0256375000,0256376165,5
0110,90027,20060702101952,01,FM,0256375000,0256376203,5
0110,90027,20060702102413,01,FM,0256375000,0256376238,5
0110,90027,20060702102825,01,FM,0256375000,0256376273,5
0110,90027,20060702103257,01,FM,0256375000,0256376310,5
0110,90027,20060702103728,01,FM,0256375000,0256376349,5
0110,90027,20060702104150,01,FM,0256375000,0256376386,5
0110,90027,20060702104622,01,FM,0256375000,0256376425,5
0110,90027,20060702105104,01,FM,0256375000,0256376466,5
0110,90027,20060702105525,01,FM,0256375000,0256376505,5
0110,90027,20060702105957,01,FM,0256375000,0256376546,5
0110,90027,20060702110439,01,FM,0256375000,0256376588,5
0110,90027,20060702110911,01,FM,0256375000,0256376630,5
0110,90027,20060702111353,01,FM,0256375000,0256376674,5
0110,90027,20060702111834,01,FM,0256375000,0256376719,5
0110,90027,20060702112306,01,FM,0256375000,0256376763,5
0110,90027,20060702112718,01,FM,0256375000,0256376804,5
0110,90027,20060702113149,01,FM,0256375000,0256376850,5
0110,90027,20060702113601,01,FM,0256375000,0256376892,5
0110,90027,20060702114022,01,FM,0256375000,0256376937,5
0110,90027,20060702114454,01,FM,0256375000,0256376984,5
0110,90027,20060702114936,01,FM,0256375000,0256377034,5
0110,90027,20060702115358,01,FM,0256375000,0256377081,5
0110,90027,20060702164023,01,FM,0256375000,0256373759,5
0110,90027,20060702164415,01,FM,0256375000,0256373792,5
0110,90027,20060702164826,01,FM,0256375000,0256373827,5
0110,90027,20060702165238,01,FM,0256375000,0256373861,5
0110,90027,20060702165639,01,FM,0256375000,0256373894,5
0110,90027,20060702170111,01,FM,0256375000,0256373930,5
0110,90027,20060702170522,01,FM,0256375000,0256373963,5
0110,90027,20060702170924,01,FM,0256375000,0256373995,5
0110,90027,20060702171315,01,FM,0256375000,0256374025,5
0110,90027,20060702171736,01,FM,0256375000,0256374058,5
0110,90027,20060702172148,01,FM,0256375000,0256374090,5
0110,90027,20060702172559,01,FM,0256375000,0256374122,5
0110,90027,20060702173021,01,FM,0256375000,0256374155,5
0110,90027,20060702173443,01,FM,0256375000,0256374187,5
0110,90027,20060702173844,01,FM,0256375000,0256374216,5
0110,90027,20060702174245,01,FM,0256375000,0256374246,5
0110,90027,20060702174657,01,FM,0256375000,0256374276,5
0110,90027,20060702175108,01,FM,0256375000,0256374306,5
0110,90027,20060702175510,01,FM,0256375000,0256374335,5
0110,90027,20060702175931,01,FM,0256375000,0256374365,5
0110,90027,20060702180343,01,FM,0256375000,0256374395,5
0110,90027,20060702180744,01,FM,0256375000,0256374423,5
0110,90027,20060702181135,01,FM,0256375000,0256374449,5
0110,90027,20060702181557,01,FM,0256375000,0256374479,5
0110,90027,20060702182009,01,FM,0256375000,0256374508,5
0110,90027,20060702182400,01,FM,0256375000,0256374534,5
0110,90027,20060702182801,01,FM,0256375000,0256374562,5
0110,90027,20060702183213,01,FM,0256375000,0256374590,5
0110,90027,20060702183614,01,FM,0256375000,0256374617,5
0110,90027,20060702184005,01,FM,0256375000,0256374643,5
0110,90027,20060702184407,01,FM,0256375000,0256374670,5
0110,90027,20060702184818,01,FM,0256375000,0256374697,5
0110,90027,20060702185230,01,FM,0256375000,0256374725,5
0110,90027,20060702185621,01,FM,0256375000,0256374751,5
0110,90027,20060702190032,01,FM,0256375000,0256374778,5
0110,90027,20060702190444,01,FM,0256375000,0256374806,5
0110,90027,20060702190845,01,FM,0256375000,0256374832,5
0110,90027,20060702191246,01,FM,0256375000,0256374858,5
0110,90027,20060702191658,01,FM,0256375000,0256374886,5
0110,90027,20060702192109,01,FM,0256375000,0256374913,5
0110,90027,20060702192501,01,FM,0256375000,0256374938,5
0110,90027,20060702192902,01,FM,0256375000,0256374964,5
0110,90027,20060702193313,01,FM,0256375000,0256374992,5
0110,90027,20060702193725,01,FM,0256375000,0256375019,5
0110,90027,20060702194126,01,FM,0256375000,0256375045,5
0110,90027,20060702194548,01,FM,0256375000,0256375073,5
0110,90027,20060702194949,01,FM,0256375000,0256375100,5
0110,90027,20060702195340,01,FM,0256375000,0256375125,5
0110,90027,20060702195732,01,FM,0256375000,0256375150,5
0110,90027,20060702200143,01,FM,0256375000,0256375177,5
0110,90027,20060702200545,01,FM,0256375000,0256375203,5
0110,90027,20060702200936,01,FM,0256375000,0256375229,5
0110,90027,20060702201327,01,FM,0256375000,0256375254,5
0110,90027,20060702201728,01,FM,0256375000,0256375280,5
0110,90027,20060702202130,01,FM,0256375000,0256375307,5
0110,90027,20060702202521,01,FM,0256375000,0256375332,5
0110,90027,20060702202912,01,FM,0256375000,0256375358,5
0110,90027,20060702203314,01,FM,0256375000,0256375384,5
0110,90027,20060702203715,01,FM,0256375000,0256375411,5
0110,90027,20060702204106,01,FM,0256375000,0256375437,5
0110,90027,20060702204508,01,FM,0256375000,0256375464,5
0110,90027,20060702204909,01,FM,0256375000,0256375491,5
0110,90027,20060702205300,01,FM,0256375000,0256375517,5
0110,90027,20060702205651,01,FM,0256375000,0256375543,5
0110,90027,20060702210053,01,FM,0256375000,0256375570,5
0110,90027,20060702210454,01,FM,0256375000,0256375598,5
0110,90027,20060702210855,01,FM,0256375000,0256375625,5
0110,90027,20060702211247,01,FM,0256375000,0256375652,5
0110,90027,20060702211648,01,FM,0256375000,0256375680,5
0110,90027,20060702212049,01,FM,0256375000,0256375708,5
0110,90027,20060702212441,01,FM,0256375000,0256375735,5
0110,90027,20060702212842,01,FM,0256375000,0256375763,5
0110,90027,20060702213233,01,FM,0256375000,0256375790,5
0110,90027,20060702213635,01,FM,0256375000,0256375819,5
0110,90027,20060702214026,01,FM,0256375000,0256375847,5
0110,90027,20060702214417,01,FM,0256375000,0256375874,5
0110,90027,20060702214818,01,FM,0256375000,0256375904,5
0110,90027,20060702215220,01,FM,0256375000,0256375933,5
0110,90027,20060702215611,01,FM,0256375000,0256375961,5
0110,90027,20060702220012,01,FM,0256375000,0256375991,5
0110,90027,20060702220424,01,FM,0256375000,0256376022,5
0110,90027,20060702220825,01,FM,0256375000,0256376053,5
0110,90027,20060702221217,01,FM,0256375000,0256376082,5
0110,90027,20060702221618,01,FM,0256375000,0256376112,5
0110,90027,20060702222019,01,FM,0256375000,0256376143,5
0110,90027,20060702222410,01,FM,0256375000,0256376173,5
0110,90027,20060702222822,01,FM,0256375000,0256376206,5
0110,90027,20060702223244,01,FM,0256375000,0256376240,5
0110,90027,20060702223705,01,FM,0256375000,0256376275,5
0110,90027,20060702224107,01,FM,0256375000,0256376307,5
0110,90027,20060702224528,01,FM,0256375000,0256376342,5
0110,90027,20060702224950,01,FM,0256375000,0256376377,5
0110,90027,20060702225401,01,FM,0256375000,0256376412,5
0110,90027,20060702225803,01,FM,0256375000,0256376445,5
0110,90027,20060702230154,01,FM,0256375000,0256376477,5
0110,90027,20060702230555,01,FM,0256375000,0256376511,5
0110,90027,20060703035557,01,FM,0256375000,0256373217,5
0110,90027,20060703040009,01,FM,0256375000,0256373257,5
0110,90027,20060703040420,01,FM,0256375000,0256373297,5
0110,90027,20060703040821,01,FM,0256375000,0256373336,5
0110,90027,20060703041223,01,FM,0256375000,0256373375,5
0110,90027,20060703041634,01,FM,0256375000,0256373415,5
0110,90027,20060703042056,01,FM,0256375000,0256373457,5
0110,90027,20060703042457,01,FM,0256375000,0256373495,5
0110,90027,20060703042909,01,FM,0256375000,0256373535,5
0110,90027,20060703043330,01,FM,0256375000,0256373576,5
0110,90027,20060703043752,01,FM,0256375000,0256373617,5
0110,90027,20060703044153,01,FM,0256375000,0256373654,5
0110,90027,20060703044605,01,FM,0256375000,0256373693,5
0110,90027,20060703045016,01,FM,0256375000,0256373731,5
0110,90027,20060703045418,01,FM,0256375000,0256373767,5
0110,90027,20060703045819,01,FM,0256375000,0256373803,5
0110,90027,20060703050230,01,FM,0256375000,0256373841,5
0110,90027,20060703050702,01,FM,0256375000,0256373881,5
0110,90027,20060703051114,01,FM,0256375000,0256373917,5
0110,90027,20060703051535,01,FM,0256375000,0256373955,5
0110,90027,20060703052017,01,FM,0256375000,0256373995,5
0110,90027,20060703052419,01,FM,0256375000,0256374029,5
0110,90027,20060703052820,01,FM,0256375000,0256374063,5
0110,90027,20060703053241,01,FM,0256375000,0256374100,5
0110,90027,20060703053653,01,FM,0256375000,0256374134,5
0110,90027,20060703054044,01,FM,0256375000,0256374166,5
0110,90027,20060703054456,01,FM,0256375000,0256374200,5
0110,90027,20060703055309,01,FM,0256375000,0256374266,5
0110,90027,20060703060202,01,FM,0256375000,0256374337,5
0110,90027,20060703062400,01,FM,0256375000,0256374507,5
0110,90027,20060703063243,01,FM,0256375000,0256374573,5
0110,90027,20060703063705,01,FM,0256375000,0256374606,5
0110,90027,20060703064127,01,FM,0256375000,0256374638,5
0110,90027,20060703064548,01,FM,0256375000,0256374670,5
0110,90027,20060703064939,01,FM,0256375000,0256374699,5
0110,90027,20060703065351,01,FM,0256375000,0256374730,5
0110,90027,20060703065813,01,FM,0256375000,0256374762,5
0110,90027,20060703070234,01,FM,0256375000,0256374793,5
0110,90027,20060703070706,01,FM,0256375000,0256374826,5
0110,90027,20060703071128,01,FM,0256375000,0256374858,5
0110,90027,20060703071559,01,FM,0256375000,0256374891,5
0110,90027,20060703072031,01,FM,0256375000,0256374923,5
0110,90027,20060703072453,01,FM,0256375000,0256374954,5
0110,90027,20060703072904,01,FM,0256375000,0256374984,5
0110,90027,20060703073336,01,FM,0256375000,0256375017,5
0110,90027,20060703073747,01,FM,0256375000,0256375047,5
0110,90027,20060703074159,01,FM,0256375000,0256375076,5
0110,90027,20060703074610,01,FM,0256375000,0256375106,5
0110,90027,20060703075032,01,FM,0256375000,0256375137,5
0110,90027,20060703075443,01,FM,0256375000,0256375167,5
0110,90027,20060703075855,01,FM,0256375000,0256375196,5
0110,90027,20060703080327,01,FM,0256375000,0256375228,5
0110,90027,20060703080748,01,FM,0256375000,0256375259,5
0110,90027,20060703081200,01,FM,0256375000,0256375289,5
0110,90027,20060703081622,01,FM,0256375000,0256375320,5
0110,90027,20060703082103,01,FM,0256375000,0256375353,5
0110,90027,20060703082525,01,FM,0256375000,0256375384,5
0110,90027,20060703082947,01,FM,0256375000,0256375415,5
0110,90027,20060703083418,01,FM,0256375000,0256375447,5
0110,90027,20060703083850,01,FM,0256375000,0256375479,5
0110,90027,20060703084251,01,FM,0256375000,0256375508,5
0110,90027,20060703084733,01,FM,0256375000,0256375541,5
0110,90027,20060703085155,01,FM,0256375000,0256375573,5
0110,90027,20060703085606,01,FM,0256375000,0256375603,5
0110,90027,20060703090028,01,FM,0256375000,0256375634,5
0110,90027,20060703090500,01,FM,0256375000,0256375667,5
0110,90027,20060703090932,01,FM,0256375000,0256375700,5
0110,90027,20060703091343,01,FM,0256375000,0256375731,5
0110,90027,20060703091815,01,FM,0256375000,0256375764,5
0110,90027,20060703092216,01,FM,0256375000,0256375794,5
0110,90027,20060703092618,01,FM,0256375000,0256375824,5
0110,90027,20060703093039,01,FM,0256375000,0256375856,5
0110,90027,20060703093511,01,FM,0256375000,0256375890,5
0110,90027,20060703093932,01,FM,0256375000,0256375923,5
0110,90027,20060703100401,01,FM,0256375000,0256376113,5
0110,90027,20060703100823,01,FM,0256375000,0256376147,5
0110,90027,20060703101244,01,FM,0256375000,0256376182,5
0110,90027,20060703101716,01,FM,0256375000,0256376219,5
0110,90027,20060703102138,01,FM,0256375000,0256376255,5
0110,90027,20060703110751,01,FM,0256375000,0256376661,5
0110,90027,20060703111914,01,FM,0256375000,0256376770,5
0110,90027,20060703112305,01,FM,0256375000,0256376808,5
0110,90027,20060703112646,01,FM,0256375000,0256376845,5
0110,90027,20060703113028,01,FM,0256375000,0256376882,5
0110,90027,20060703113409,01,FM,0256375000,0256376920,5
0110,90027,20060703114121,01,FM,0256375000,0256376995,5
0110,90027,20060703114843,01,FM,0256375000,0256377074,5
0110,90027,20060703115224,01,FM,0256375000,0256377114,5
