Unknown 041026
1 90025U 04800A   07278.99789236  .00001130  00000-0  10000-4 0 00008
2 90025 064.2209 199.0298 7112121 257.9582 020.9917 02.00567810000100

90025 0070 2007:10:01:22:23:17 05
90025 0070 2007:10:02:12:44:29 05
90025 0070 2007:10:02:22:18:19 10
90025 0070 2007:10:03:12:41:01 55
90025 0070 2007:10:03:22:14:19 10
90025 0070 2007:10:04:12:37:53 90
90025 0070 2007:10:05:22:06:18 05
90025 0070 2007:10:06:12:30:05 90
90025 0070 2007:10:06:22:02:32 10
90025 0433 2007:10:08:11:40:03 01
90025 0433 2007:10:09:11:36:12 05



